image: projection_edit.pgm
size: [1004, 1004]
resolution: 0.10000
origin: [-40.8, -39.6, 0.000000]
negate: 0
occupied_thresh: 0.65
free_thresh: 0.196